1898985758251249759
1898993968781643929
1899264509153259582
1900761927292166641
1900970593907871746
1902600996909453439
1902780037587226661
1903495395524661465
1903497068364103756
1903501062926893208
1903508207747666056
1904044794361373148
1904222995544957169
1904300317560439255
1905031331366494572
1905279813209780308
1905874288286085482
1906020198353698835
1906408985068290502
1906526663464137145
1906765108027498823
1906890451233259939
1907181795432362202
1907211529943990545
1908333549352067378
1908351288951058451
1908390091036213714
1908503287659127151
1920535943385092178
1921646996936393026
1921963898124541981
1921995543460352499
1922307223541166475
1922397523970253224
1922792080021078353
1922792478228250778
1923182747612336258
1923376214774833382
1923888104831689144
1924221521007927458
1924560381537661084
1926084436661043472
1926365865546571776
1926446907926131154
1928089765519229201
1928501977178112373
1928807430281929116
1928835527198785984
1929228776551964736
1929228938431152431
1929246488825102466
1929580748287127987
1929648611945566356
1929718390245282022
1930301523247956364
1930399472762114482
1930998519067742237
1931750018270036354
1934331648767619258
1934648874662056402
1935719947411325207
1937028610356822360
1937227470190612586
1937875324823298061
1940469298092560620
1940528705618784284
1944657861360939304
1946844450618998851
1955566401952850181
1961795677115011269
1962596449985626366
1963954550383026218
1966480036422131732
1972655936838766978
1986142667248701949
1989342790778765448
1991995739740991926
2000031769073197547
2001009071022014485
2006512742098940073
